我 r 784 784.0 784 2.429918976723351 0.9
的 uj 781 781.0 781 2.4337479539604483 0.8996667471291255
是 v 694 694.0 694 2.5516908489409675 0.889226811523964
' x 677 677.0 677 2.5764554065653638 0.8869933245306292
the eng 548 548.0 548 2.7875042529962286 0.8674254496380269
you eng 516 516.0 516 2.8475598199973304 0.8616946824769414
can eng 473 473.0 473 2.934395372810683 0.8532912790924239
了 ul 444 444.0 444 2.9975284123395194 0.8470986307888388
t x 438 438.0 438 3.011103281430588 0.8457582740037809
你 r 430 430.0 430 3.0294946044020117 0.8439374733193395
人 n 391 391.0 391 3.124340854715297 0.83446060492776
not eng 370 370.0 370 3.179400631898324 0.8288946788629538
在 p 363 363.0 363 3.1984488268690185 0.8269584633284848
不 d 354 354.0 354 3.2234849050303436 0.8244054177280206
a x 351 351.0 351 3.2319715189076623 0.823537912863987
有 v 308 308.0 308 3.362261417608014 0.8100911133047083
都 d 305 305.0 305 3.372017592553379 0.8090747616671565
一个 m 277 277.0 277 3.4679815808151226 0.799010452834606
be eng 275 275.0 275 3.4752018287886095 0.7982483815146733
就 d 264 264.0 264 3.515872868519537 0.7939433499268019
会 v 258 258.0 258 3.5387746328062217 0.7915100751543015
也 d 249 249.0 249 3.574141776643513 0.7877396719990765
s x 248 248.0 248 3.5781497980410517 0.7873114238982152
i x 247 247.0 247 3.5821739483407775 0.7868812566221549
is eng 233 233.0 233 3.640281579148058 0.7806481128830511
能 v 224 224.0 224 3.6795022923013394 0.7764184226231496
说 v 223 223.0 223 3.6839566426507195 0.7759369208152296
自己 r 212 212.0 212 3.7343105287963345 0.7704780128686977
要 v 212 212.0 212 3.7343105287963345 0.7704780128686977
好 a 211 211.0 211 3.7390164198337468 0.7699663724156429
很 d 206 206.0 206 3.7628839012403903 0.7673675923594963
这 r 194 194.0 194 3.8226031359420127 0.7608374851865138
时候 n 186 186.0 186 3.8644940776511727 0.7562336755556772
他 r 181 181.0 181 3.891596007428964 0.7532451770915275
my eng 181 181.0 181 3.891596007428964 0.7532451770915275
don eng 172 172.0 172 3.9423111000079807 0.7476321105371632
are eng 169 169.0 169 3.9598042574554975 0.7456897924212406
看 v 169 169.0 169 3.9598042574554975 0.7456897924212406
可以 c 167 167.0 167 3.9716387151025003 0.7443739907566098
it eng 166 166.0 166 3.9776088820890045 0.7437096594473226
什么 r 162 162.0 162 4.001852493698997 0.7410082141432095
to eng 160 160.0 160 4.014198329521297 0.73963023752103
还 d 145 145.0 145 4.111996072797423 0.7286608152554919
被 p 141 141.0 141 4.139775636904499 0.7255278005893981
no eng 139 139.0 139 4.153960271896455 0.7239251600296891
让 v 136 136.0 136 4.175621768677635 0.7214740209842702
我们 r 135 135.0 135 4.182947808769708 0.7206440161999661
个 q 133 133.0 133 4.197762894554848 0.7189639769367255
have eng 132 132.0 132 4.205253566284005 0.7181137372146011
去 v 130 130.0 130 4.220405371304608 0.7163922866219955
又 d 129 129.0 129 4.228068244050177 0.7155208559098397
your eng 128 128.0 128 4.235790290144087 0.7146421373693674
so eng 126 126.0 126 4.251415608047168 0.7128623678929759
对 p 126 126.0 126 4.251415608047168 0.7128623678929759
me eng 125 125.0 125 4.259320787554281 0.7119610754236204
不是 c 124 124.0 124 4.2672889572034585 0.7110520118758098
这个 r 124 124.0 124 4.2672889572034585 0.7110520118758098
给 p 121 121.0 121 4.291581649772503 0.7082768961327607
做 v 120 120.0 120 4.299812148909019 0.707335433330473
还是 c 116 116.0 116 4.333428759708004 0.7034836582963013
就是 d 113 113.0 113 4.359404246111264 0.7005003229302484
小 n 112 112.0 112 4.368214875793419 0.6994870117466097
来 v 111 111.0 111 4.377103823210665 0.6984639806251812
多 m 110 110.0 110 4.386072493193425 0.697431050338393
吧 y 109 109.0 109 4.395122328713343 0.6963880366931182
do eng 106 106.0 106 4.422773860043853 0.6931965752557777
和 c 104 104.0 104 4.441642344348236 0.6910148997474433
why eng 102 102.0 102 4.460873706276123 0.6887880027411655
把 p 99 99.0 99 4.490432508517668 0.6853588455251194
最 d 96 96.0 96 4.520891716002376 0.6818171693965833
一 m 92 92.0 92 4.563003201352504 0.6769072217251876
that eng 90 90.0 90 4.584743187988909 0.6743664202716777
all eng 89 89.0 89 4.595793024175494 0.6730734285631763
will eng 89 89.0 89 4.595793024175494 0.6730734285631763
what eng 88 88.0 88 4.6069663247736194 0.6717649146371896
am eng 86 86.0 86 4.629694575851175 0.6690998628213646
到 v 85 85.0 85 4.641255398252252 0.6677425640226204
日 m 84 84.0 84 4.652951438015443 0.6663682199588967
we eng 83 83.0 83 4.664785895662446 0.6649764150909655
in eng 83 83.0 83 4.664785895662446 0.6649764150909655
and eng 77 77.0 77 4.738893867816167 0.65623361490873
but eng 77 77.0 77 4.738893867816167 0.65623361490873
那 r 74 74.0 74 4.778114580969449 0.6515876651812217
吗 y 74 74.0 74 4.778114580969449 0.6515876651812217
this eng 74 74.0 74 4.778114580969449 0.6515876651812217
得 ud 72 72.0 72 4.805143253357368 0.6483783466587117
因为 c 71 71.0 71 4.818936575489704 0.6467381773182282
怎么 r 70 70.0 70 4.8329228174644445 0.6450734246195164
开始 v 70 70.0 70 4.8329228174644445 0.6450734246195164
大 d 69 69.0 69 4.847107452456401 0.643383368889419
这样 r 68 68.0 68 4.8614961899085 0.6416672585989701
跟 p 68 68.0 68 4.8614961899085 0.6416672585989701
她 r 66 66.0 66 4.890910075114793 0.6381536973824132
像 v 65 65.0 65 4.905947952479334 0.6363545662626514
just eng 63 63.0 63 4.936719611146088 0.6326671030071702
这么 r 62 62.0 62 4.9524679681142265 0.6307768402837644
月 m 61 61.0 61 4.968468309460668 0.628854190576052
啊 y 60 60.0 60 4.984728830332449 0.6268980650521365
of eng 59 59.0 59 5.001258132283659 0.6249073193966912
只 d 57 57.0 57 5.03515968395934 0.6208170897351174
there eng 57 57.0 57 5.03515968395934 0.6208170897351174
only eng 57 57.0 57 5.03515968395934 0.6208170897351174
更 d 56 56.0 56 5.05255142667121 0.6187150035576974
为 p 56 56.0 56 5.05255142667121 0.6187150035576974
他们 r 56 56.0 56 5.05255142667121 0.6187150035576974
when eng 53 53.0 53 5.1066186479414855 0.6121637117494418
再 d 53 53.0 53 5.1066186479414855 0.6121637117494418
过 ug 53 53.0 53 5.1066186479414855 0.6121637117494418
才 d 53 53.0 53 5.1066186479414855 0.6121637117494418
they eng 52 52.0 52 5.125310780953638 0.6098930283189402
那么 r 51 51.0 51 5.144358975924332 0.6075760336511737
别人 r 50 50.0 50 5.163777061781434 0.605210863047936
an eng 50 50.0 50 5.163777061781434 0.605210863047936
用 p 49 49.0 49 5.183579689077614 0.6027955375953704
年 m 48 48.0 48 5.203782396395133 0.600327954668062
那个 r 48 48.0 48 5.203782396395133 0.600327954668062
for eng 46 46.0 46 5.245455092795701 0.5952269231799784
if eng 46 46.0 46 5.245455092795701 0.5952269231799784
从 p 45 45.0 45 5.266961298016665 0.5925885504561634
但是 c 45 45.0 45 5.266961298016665 0.5925885504561634
为什么 r 44 44.0 44 5.2889402047354395 0.5898880446159864
然后 c 44 44.0 44 5.2889402047354395 0.5898880446159864
was eng 44 44.0 44 5.2889402047354395 0.5898880446159864
一样 r 44 44.0 44 5.2889402047354395 0.5898880446159864
但 c 44 44.0 44 5.2889402047354395 0.5898880446159864
还有 v 43 43.0 43 5.3114130605874985 0.5871225017976788
呢 y 42 42.0 42 5.334402578812197 0.5842888109614374
啦 y 42 42.0 42 5.334402578812197 0.5842888109614374
出来 v 41 41.0 41 5.357933076222391 0.5813836337554714
with eng 41 41.0 41 5.357933076222391 0.5813836337554714
上 f 41 41.0 41 5.357933076222391 0.5813836337554714
more eng 41 41.0 41 5.357933076222391 0.5813836337554714
谁 r 40 40.0 40 5.382030627801452 0.5784033818791505
着 uz 40 40.0 40 5.382030627801452 0.5784033818791505
大家 n 39 39.0 39 5.406723240391823 0.5753441915607406
点 q 38 38.0 38 5.432041048376113 0.572201894697283
并 c 38 38.0 38 5.432041048376113 0.572201894697283
你们 r 37 37.0 37 5.458016534779373 0.5689719861192342
on eng 37 37.0 37 5.458016534779373 0.5689719861192342
以为 c 36 36.0 36 5.484684781861535 0.5656495863388417
as eng 36 36.0 36 5.484684781861535 0.5656495863388417
与 p 36 36.0 36 5.484684781861535 0.5656495863388417
当 p 36 36.0 36 5.484684781861535 0.5656495863388417
它 r 35 35.0 35 5.512083756049649 0.5622293990140996
打 v 35 35.0 35 5.512083756049649 0.5622293990140996
how eng 35 35.0 35 5.512083756049649 0.5622293990140996
our eng 35 35.0 35 5.512083756049649 0.5622293990140996
只有 c 34 34.0 34 5.540254633016346 0.5587056622033655
who eng 34 34.0 34 5.540254633016346 0.5587056622033655
虽然 c 33 33.0 33 5.569242169889598 0.5550720922913095
too eng 32 32.0 32 5.599095133039279 0.5513218192243362
一种 m 32 32.0 32 5.599095133039279 0.5513218192243362
所有 b 32 32.0 32 5.599095133039279 0.5513218192243362
一些 m 31 31.0 31 5.629866791706033 0.5474473113891527
每 r 31 31.0 31 5.629866791706033 0.5474473113891527
如果 c 31 31.0 31 5.629866791706033 0.5474473113891527
very eng 31 31.0 31 5.629866791706033 0.5474473113891527
he eng 31 31.0 31 5.629866791706033 0.5474473113891527
只是 c 30 30.0 30 5.661615490020614 0.5434402880833582
为了 p 30 30.0 30 5.661615490020614 0.5434402880833582
them eng 29 29.0 29 5.694405312843604 0.5392916170371832
own eng 29 29.0 29 5.694405312843604 0.5392916170371832
should eng 29 29.0 29 5.694405312843604 0.5392916170371832
那些 r 28 28.0 28 5.728306864519285 0.5349911938174559
等 u 28 28.0 28 5.728306864519285 0.5349911938174559
比 p 28 28.0 28 5.728306864519285 0.5349911938174559
结果 n 27 27.0 27 5.763398184330556 0.5305277991330173
一切 r 27 27.0 27 5.763398184330556 0.5305277991330173
却 d 27 27.0 27 5.763398184330556 0.5305277991330173
可 v 27 27.0 27 5.763398184330556 0.5305277991330173
most eng 26 26.0 26 5.799765828501431 0.5258889290023371
所以 c 26 26.0 26 5.799765828501431 0.5258889290023371
分 v 26 26.0 26 5.799765828501431 0.5258889290023371
her eng 26 26.0 26 5.799765828501431 0.5258889290023371
而是 c 26 26.0 26 5.799765828501431 0.5258889290023371
other eng 26 26.0 26 5.799765828501431 0.5258889290023371
some eng 25 25.0 25 5.837506156484277 0.5210605913514436
秒 n 25 25.0 25 5.837506156484277 0.5210605913514436
叫 v 25 25.0 25 5.837506156484277 0.5210605913514436
yourself eng 25 25.0 25 5.837506156484277 0.5210605913514436
这里 r 24 24.0 24 5.876726869637559 0.5160270607599515
该 r 24 24.0 24 5.876726869637559 0.5160270607599515
his eng 24 24.0 24 5.876726869637559 0.5160270607599515
别 d 23 23.0 23 5.917548864157814 0.5107705805885605
而 c 23 23.0 23 5.917548864157814 0.5107705805885605
at eng 23 23.0 23 5.917548864157814 0.5107705805885605
their eng 23 23.0 23 5.917548864157814 0.5107705805885605
有些 r 23 23.0 23 5.917548864157814 0.5107705805885605
将 d 22 22.0 22 5.960108478576609 0.5052709983476033
哦 e 22 22.0 22 5.960108478576609 0.5052709983476033
不过 c 22 22.0 22 5.960108478576609 0.5052709983476033
的话 u 22 22.0 22 5.960108478576609 0.5052709983476033
啥 r 22 22.0 22 5.960108478576609 0.5052709983476033
again eng 22 22.0 22 5.960108478576609 0.5052709983476033
中 f 21 21.0 21 6.004560241147444 0.49950531552824856
下 f 21 21.0 21 6.004560241147444 0.49950531552824856
拿 v 21 21.0 21 6.004560241147444 0.49950531552824856
呀 y 20 20.0 20 6.0510802567823365 0.4934471266569352
any eng 20 20.0 20 6.0510802567823365 0.4934471266569352
这些 r 19 19.0 19 6.099870420951769 0.48706591320205267
于 p 19 19.0 19 6.099870420951769 0.48706591320205267
because eng 19 19.0 19 6.099870420951769 0.48706591320205267
has eng 19 19.0 19 6.099870420951769 0.48706591320205267
those eng 19 19.0 19 6.099870420951769 0.48706591320205267
请 v 19 19.0 19 6.099870420951769 0.48706591320205267
been eng 18 18.0 18 6.151163715339319 0.4803261448508811
then eng 18 18.0 18 6.151163715339319 0.4803261448508811
had eng 17 17.0 17 6.205230936609595 0.4731861215218072
does eng 17 17.0 17 6.205230936609595 0.4731861215218072
from eng 17 17.0 17 6.205230936609595 0.4731861215218072
来说 u 16 16.0 16 6.262389350449544 0.4655964609592758
连 nr 16 16.0 16 6.262389350449544 0.4655964609592758
这次 r 16 16.0 16 6.262389350449544 0.4655964609592758
its eng 16 16.0 16 6.262389350449544 0.4655964609592758
来自 v 16 16.0 16 6.262389350449544 0.4655964609592758
时 ng 16 16.0 16 6.262389350449544 0.4655964609592758
如何 r 16 16.0 16 6.262389350449544 0.4655964609592758
him eng 16 16.0 16 6.262389350449544 0.4655964609592758
以 p 16 16.0 16 6.262389350449544 0.4655964609592758
were eng 15 15.0 15 6.323013972265978 0.457498093392651
才能 v 15 15.0 15 6.323013972265978 0.457498093392651
did eng 15 15.0 15 6.323013972265978 0.457498093392651
down eng 15 15.0 15 6.323013972265978 0.457498093392651
these eng 15 15.0 15 6.323013972265978 0.457498093392651
same eng 15 15.0 15 6.323013972265978 0.457498093392651
哪里 r 15 15.0 15 6.323013972265978 0.457498093392651
up eng 14 14.0 14 6.3875524934035495 0.44881955722511463
向 p 14 14.0 14 6.3875524934035495 0.44881955722511463
如此 c 14 14.0 14 6.3875524934035495 0.44881955722511463
而且 c 14 14.0 14 6.3875524934035495 0.44881955722511463
here eng 14 14.0 14 6.3875524934035495 0.44881955722511463
还要 c 14 14.0 14 6.3875524934035495 0.44881955722511463
可是 c 13 13.0 13 6.456545364890501 0.4394732818006425
myself eng 13 13.0 13 6.456545364890501 0.4394732818006425
or eng 13 13.0 13 6.456545364890501 0.4394732818006425
本 r 13 13.0 13 6.456545364890501 0.4394732818006425
by eng 13 13.0 13 6.456545364890501 0.4394732818006425
其他 r 12 12.0 12 6.530653337044223 0.429350365585972
多少 m 12 12.0 12 6.530653337044223 0.429350365585972
than eng 12 12.0 12 6.530653337044223 0.429350365585972
she eng 12 12.0 12 6.530653337044223 0.429350365585972
作为 v 12 12.0 12 6.530653337044223 0.429350365585972
各种 r 12 12.0 12 6.530653337044223 0.429350365585972
起 v 12 12.0 12 6.530653337044223 0.429350365585972
当然 d 12 12.0 12 6.530653337044223 0.429350365585972
许多 m 12 12.0 12 6.530653337044223 0.429350365585972
doing eng 12 12.0 12 6.530653337044223 0.429350365585972
having eng 11 11.0 11 6.610696044717759 0.4183130553723262
哪 r 11 11.0 11 6.610696044717759 0.4183130553723262
之 f 11 11.0 11 6.610696044717759 0.4183130553723262
任何 r 11 11.0 11 6.610696044717759 0.4183130553723262
后 f 11 11.0 11 6.610696044717759 0.4183130553723262
now eng 11 11.0 11 6.610696044717759 0.4183130553723262
所 u 11 11.0 11 6.610696044717759 0.4183130553723262
off eng 11 11.0 11 6.610696044717759 0.4183130553723262
once eng 11 11.0 11 6.610696044717759 0.4183130553723262
after eng 10 10.0 10 6.697707421707389 0.4061835958889889
being eng 10 10.0 10 6.697707421707389 0.4061835958889889
些 q 10 10.0 10 6.697707421707389 0.4061835958889889
咋 r 10 10.0 10 6.697707421707389 0.4061835958889889
第 m 10 10.0 10 6.697707421707389 0.4061835958889889
曾 d 10 10.0 10 6.697707421707389 0.4061835958889889
each eng 10 10.0 10 6.697707421707389 0.4061835958889889
over eng 10 10.0 10 6.697707421707389 0.4061835958889889
或者 c 10 10.0 10 6.697707421707389 0.4061835958889889
只要 c 10 10.0 10 6.697707421707389 0.4061835958889889
嘛 y 10 10.0 10 6.697707421707389 0.4061835958889889
光 n 10 10.0 10 6.697707421707389 0.4061835958889889
二 m 9 9.0 9 6.793017601511714 0.39272712537726545
while eng 9 9.0 9 6.793017601511714 0.39272712537726545
where eng 9 9.0 9 6.793017601511714 0.39272712537726545
few eng 9 9.0 9 6.793017601511714 0.39272712537726545
除了 p 9 9.0 9 6.793017601511714 0.39272712537726545
就算 v 9 9.0 9 6.793017601511714 0.39272712537726545
人们 n 9 9.0 9 6.793017601511714 0.39272712537726545
按 p 8 8.0 8 6.89837811716954 0.377624349382479
即使 c 8 8.0 8 6.89837811716954 0.377624349382479
对于 p 8 8.0 8 6.89837811716954 0.377624349382479
果然 d 8 8.0 8 6.89837811716954 0.377624349382479
such eng 8 8.0 8 6.89837811716954 0.377624349382479
哎 e 8 8.0 8 6.89837811716954 0.377624349382479
不仅 c 8 8.0 8 6.89837811716954 0.377624349382479
同时 c 8 8.0 8 6.89837811716954 0.377624349382479
yours eng 8 8.0 8 6.89837811716954 0.377624349382479
甚至 d 8 8.0 8 6.89837811716954 0.377624349382479
那样 r 8 8.0 8 6.89837811716954 0.377624349382479
通过 p 8 8.0 8 6.89837811716954 0.377624349382479
一般 a 8 8.0 8 6.89837811716954 0.377624349382479
不怕 c 8 8.0 8 6.89837811716954 0.377624349382479
不如 c 8 8.0 8 6.89837811716954 0.377624349382479
地 uv 8 8.0 8 6.89837811716954 0.377624349382479
about eng 8 8.0 8 6.89837811716954 0.377624349382479
就要 d 8 8.0 8 6.89837811716954 0.377624349382479
全部 n 8 8.0 8 6.89837811716954 0.377624349382479
out eng 8 8.0 8 6.89837811716954 0.377624349382479
无 v 7 7.0 7 7.016161152825924 0.36042567339864284
哈 nr 7 7.0 7 7.016161152825924 0.36042567339864284
已 d 7 7.0 7 7.016161152825924 0.36042567339864284
关于 p 7 7.0 7 7.016161152825924 0.36042567339864284
仍 zg 7 7.0 7 7.016161152825924 0.36042567339864284
对方 n 7 7.0 7 7.016161152825924 0.36042567339864284
哈哈 o 7 7.0 7 7.016161152825924 0.36042567339864284
无论 c 7 7.0 7 7.016161152825924 0.36042567339864284
靠 v 7 7.0 7 7.016161152825924 0.36042567339864284
which eng 7 7.0 7 7.016161152825924 0.36042567339864284
某个 r 6 6.0 6 7.1496925454504465 0.3404693369548213
您 r 6 6.0 6 7.1496925454504465 0.3404693369548213
吓 v 6 6.0 6 7.1496925454504465 0.3404693369548213
三 m 6 6.0 6 7.1496925454504465 0.3404693369548213
against eng 6 6.0 6 7.1496925454504465 0.3404693369548213
某 r 6 6.0 6 7.1496925454504465 0.3404693369548213
使 v 6 6.0 6 7.1496925454504465 0.3404693369548213
非 h 6 6.0 6 7.1496925454504465 0.3404693369548213
哪些 r 6 6.0 6 7.1496925454504465 0.3404693369548213
因 p 6 6.0 6 7.1496925454504465 0.3404693369548213
本身 r 6 6.0 6 7.1496925454504465 0.3404693369548213
于是 c 6 6.0 6 7.1496925454504465 0.3404693369548213
人家 n 6 6.0 6 7.1496925454504465 0.3404693369548213
凭 p 6 6.0 6 7.1496925454504465 0.3404693369548213
其 r 6 6.0 6 7.1496925454504465 0.3404693369548213
何时 c 6 6.0 6 7.1496925454504465 0.3404693369548213
before eng 6 6.0 6 7.1496925454504465 0.3404693369548213
himself eng 6 6.0 6 7.1496925454504465 0.3404693369548213
ourselves eng 6 6.0 6 7.1496925454504465 0.3404693369548213
嗯 e 6 6.0 6 7.1496925454504465 0.3404693369548213
在于 v 5 5.0 5 7.303843225277705 0.3167233394548816
某些 r 5 5.0 5 7.303843225277705 0.3167233394548816
由于 c 5 5.0 5 7.303843225277705 0.3167233394548816
彼此 r 5 5.0 5 7.303843225277705 0.3167233394548816
以及 c 5 5.0 5 7.303843225277705 0.3167233394548816
各 r 5 5.0 5 7.303843225277705 0.3167233394548816
俺 r 5 5.0 5 7.303843225277705 0.3167233394548816
离 v 5 5.0 5 7.303843225277705 0.3167233394548816
both eng 5 5.0 5 7.303843225277705 0.3167233394548816
怎么样 r 5 5.0 5 7.303843225277705 0.3167233394548816
总之 c 5 5.0 5 7.303843225277705 0.3167233394548816
它们 r 5 5.0 5 7.303843225277705 0.3167233394548816
本人 r 5 5.0 5 7.303843225277705 0.3167233394548816
怎样 r 5 5.0 5 7.303843225277705 0.3167233394548816
不管 c 5 5.0 5 7.303843225277705 0.3167233394548816
until eng 5 5.0 5 7.303843225277705 0.3167233394548816
其中 r 5 5.0 5 7.303843225277705 0.3167233394548816
由 p 5 5.0 5 7.303843225277705 0.3167233394548816
赶 d 4 4.0 4 7.4861647820716595 0.2874464934422522
反而 c 4 4.0 4 7.4861647820716595 0.2874464934422522
用来 v 4 4.0 4 7.4861647820716595 0.2874464934422522
into eng 4 4.0 4 7.4861647820716595 0.2874464934422522
替 p 4 4.0 4 7.4861647820716595 0.2874464934422522
若 c 4 4.0 4 7.4861647820716595 0.2874464934422522
哼 v 4 4.0 4 7.4861647820716595 0.2874464934422522
么 y 4 4.0 4 7.4861647820716595 0.2874464934422522
冲 v 4 4.0 4 7.4861647820716595 0.2874464934422522
们 k 4 4.0 4 7.4861647820716595 0.2874464934422522
同 p 4 4.0 4 7.4861647820716595 0.2874464934422522
为何 r 4 4.0 4 7.4861647820716595 0.2874464934422522
对比 v 4 4.0 4 7.4861647820716595 0.2874464934422522
除 p 4 4.0 4 7.4861647820716595 0.2874464934422522
不得 v 4 4.0 4 7.4861647820716595 0.2874464934422522
从此 c 4 4.0 4 7.4861647820716595 0.2874464934422522
则 d 4 4.0 4 7.4861647820716595 0.2874464934422522
哪儿 r 4 4.0 4 7.4861647820716595 0.2874464934422522
自从 p 4 4.0 4 7.4861647820716595 0.2874464934422522
或 c 4 4.0 4 7.4861647820716595 0.2874464934422522
themselves eng 4 4.0 4 7.4861647820716595 0.2874464934422522
他人 r 4 4.0 4 7.4861647820716595 0.2874464934422522
据 p 4 4.0 4 7.4861647820716595 0.2874464934422522
共 d 4 4.0 4 7.4861647820716595 0.2874464934422522
呸 e 4 4.0 4 7.4861647820716595 0.2874464934422522
一旦 d 3 3.0 3 7.709308333385869 0.2493458352105225
分别 d 3 3.0 3 7.709308333385869 0.2493458352105225
然而 c 3 3.0 3 7.709308333385869 0.2493458352105225
四 m 3 3.0 3 7.709308333385869 0.2493458352105225
六 m 3 3.0 3 7.709308333385869 0.2493458352105225
边 d 3 3.0 3 7.709308333385869 0.2493458352105225
一则 m 3 3.0 3 7.709308333385869 0.2493458352105225
要是 c 3 3.0 3 7.709308333385869 0.2493458352105225
内 f 3 3.0 3 7.709308333385869 0.2493458352105225
自 p 3 3.0 3 7.709308333385869 0.2493458352105225
另外 c 3 3.0 3 7.709308333385869 0.2493458352105225
也好 y 3 3.0 3 7.709308333385869 0.2493458352105225
较 d 3 3.0 3 7.709308333385869 0.2493458352105225
另 r 3 3.0 3 7.709308333385869 0.2493458352105225
亦 d 3 3.0 3 7.709308333385869 0.2493458352105225
此次 r 3 3.0 3 7.709308333385869 0.2493458352105225
那里 r 3 3.0 3 7.709308333385869 0.2493458352105225
不然 c 3 3.0 3 7.709308333385869 0.2493458352105225
首先 d 3 3.0 3 7.709308333385869 0.2493458352105225
别的 r 3 3.0 3 7.709308333385869 0.2493458352105225
对待 v 3 3.0 3 7.709308333385869 0.2493458352105225
她们 r 3 3.0 3 7.709308333385869 0.2493458352105225
等到 v 3 3.0 3 7.709308333385869 0.2493458352105225
待 v 3 3.0 3 7.709308333385869 0.2493458352105225
之所以 c 3 3.0 3 7.709308333385869 0.2493458352105225
有时 r 3 3.0 3 7.709308333385869 0.2493458352105225
如 v 3 3.0 3 7.709308333385869 0.2493458352105225
因此 c 3 3.0 3 7.709308333385869 0.2493458352105225
接着 c 3 3.0 3 7.709308333385869 0.2493458352105225
多么 r 3 3.0 3 7.709308333385869 0.2493458352105225
whom eng 3 3.0 3 7.709308333385869 0.2493458352105225
咱们 r 3 3.0 3 7.709308333385869 0.2493458352105225
除非 c 3 3.0 3 7.709308333385869 0.2493458352105225
的确 d 3 3.0 3 7.709308333385869 0.2493458352105225
宁愿 d 3 3.0 3 7.709308333385869 0.2493458352105225
要么 c 3 3.0 3 7.709308333385869 0.2493458352105225
往 p 3 3.0 3 7.709308333385869 0.2493458352105225
through eng 3 3.0 3 7.709308333385869 0.2493458352105225
各个 r 3 3.0 3 7.709308333385869 0.2493458352105225
怎么办 l 3 3.0 3 7.709308333385869 0.2493458352105225
经过 p 3 3.0 3 7.709308333385869 0.2493458352105225
itself eng 3 3.0 3 7.709308333385869 0.2493458352105225
自身 r 3 3.0 3 7.709308333385869 0.2493458352105225
比如 v 3 3.0 3 7.709308333385869 0.2493458352105225
而已 y 2 2.0 2 7.99699040583765 0.19494380130303304
之一 r 2 2.0 2 7.99699040583765 0.19494380130303304
针对 p 2 2.0 2 7.99699040583765 0.19494380130303304
再说 c 2 2.0 2 7.99699040583765 0.19494380130303304
宁 j 2 2.0 2 7.99699040583765 0.19494380130303304
further eng 2 2.0 2 7.99699040583765 0.19494380130303304
别说 c 2 2.0 2 7.99699040583765 0.19494380130303304
己 r 2 2.0 2 7.99699040583765 0.19494380130303304
有关 vn 2 2.0 2 7.99699040583765 0.19494380130303304
自家 r 2 2.0 2 7.99699040583765 0.19494380130303304
照 v 2 2.0 2 7.99699040583765 0.19494380130303304
五 m 2 2.0 2 7.99699040583765 0.19494380130303304
随 d 2 2.0 2 7.99699040583765 0.19494380130303304
尽 v 2 2.0 2 7.99699040583765 0.19494380130303304
或是 c 2 2.0 2 7.99699040583765 0.19494380130303304
阿 j 2 2.0 2 7.99699040583765 0.19494380130303304
直到 v 2 2.0 2 7.99699040583765 0.19494380130303304
按照 p 2 2.0 2 7.99699040583765 0.19494380130303304
唉 e 2 2.0 2 7.99699040583765 0.19494380130303304
这般 r 2 2.0 2 7.99699040583765 0.19494380130303304
既 b 2 2.0 2 7.99699040583765 0.19494380130303304
正是 d 2 2.0 2 7.99699040583765 0.19494380130303304
那儿 r 2 2.0 2 7.99699040583765 0.19494380130303304
即 v 2 2.0 2 7.99699040583765 0.19494380130303304
呜 o 2 2.0 2 7.99699040583765 0.19494380130303304
此 r 2 2.0 2 7.99699040583765 0.19494380130303304
随着 p 2 2.0 2 7.99699040583765 0.19494380130303304
哪怕 c 2 2.0 2 7.99699040583765 0.19494380130303304
至 p 2 2.0 2 7.99699040583765 0.19494380130303304
否则 c 2 2.0 2 7.99699040583765 0.19494380130303304
那边 r 2 2.0 2 7.99699040583765 0.19494380130303304
各位 r 2 2.0 2 7.99699040583765 0.19494380130303304
越是 d 2 2.0 2 7.99699040583765 0.19494380130303304
既然 c 2 2.0 2 7.99699040583765 0.19494380130303304
两者 n 2 2.0 2 7.99699040583765 0.19494380130303304
趁 v 2 2.0 2 7.99699040583765 0.19494380130303304
有的 r 2 2.0 2 7.99699040583765 0.19494380130303304
喂 v 2 2.0 2 7.99699040583765 0.19494380130303304
这儿 r 2 2.0 2 7.99699040583765 0.19494380130303304
这边 r 2 2.0 2 7.99699040583765 0.19494380130303304
此处 r 2 2.0 2 7.99699040583765 0.19494380130303304
什么样 r 2 2.0 2 7.99699040583765 0.19494380130303304
嘿嘿 o 2 2.0 2 7.99699040583765 0.19494380130303304
出于 v 2 2.0 2 7.99699040583765 0.19494380130303304
之类 r 2 2.0 2 7.99699040583765 0.19494380130303304
咱 r 1 1.0 1 8.402455513945814 0.09999999999999999
临 b 1 1.0 1 8.402455513945814 0.09999999999999999
八 m 1 1.0 1 8.402455513945814 0.09999999999999999
称 v 1 1.0 1 8.402455513945814 0.09999999999999999
与其 c 1 1.0 1 8.402455513945814 0.09999999999999999
嘎 o 1 1.0 1 8.402455513945814 0.09999999999999999
朝着 p 1 1.0 1 8.402455513945814 0.09999999999999999
above eng 1 1.0 1 8.402455513945814 0.09999999999999999
尽管 c 1 1.0 1 8.402455513945814 0.09999999999999999
逐步 d 1 1.0 1 8.402455513945814 0.09999999999999999
极了 d 1 1.0 1 8.402455513945814 0.09999999999999999
九 m 1 1.0 1 8.402455513945814 0.09999999999999999
如是 c 1 1.0 1 8.402455513945814 0.09999999999999999
某某 r 1 1.0 1 8.402455513945814 0.09999999999999999
乃 v 1 1.0 1 8.402455513945814 0.09999999999999999
哎呀 e 1 1.0 1 8.402455513945814 0.09999999999999999
含 v 1 1.0 1 8.402455513945814 0.09999999999999999
不尽 d 1 1.0 1 8.402455513945814 0.09999999999999999
即便 c 1 1.0 1 8.402455513945814 0.09999999999999999
七 m 1 1.0 1 8.402455513945814 0.09999999999999999
如同 d 1 1.0 1 8.402455513945814 0.09999999999999999
各自 r 1 1.0 1 8.402455513945814 0.09999999999999999
果真 d 1 1.0 1 8.402455513945814 0.09999999999999999
何 r 1 1.0 1 8.402455513945814 0.09999999999999999
并且 c 1 1.0 1 8.402455513945814 0.09999999999999999
基于 p 1 1.0 1 8.402455513945814 0.09999999999999999
朝 p 1 1.0 1 8.402455513945814 0.09999999999999999
呗 y 1 1.0 1 8.402455513945814 0.09999999999999999
呵呵 v 1 1.0 1 8.402455513945814 0.09999999999999999
受到 v 1 1.0 1 8.402455513945814 0.09999999999999999
嘻 o 1 1.0 1 8.402455513945814 0.09999999999999999
就是说 c 1 1.0 1 8.402455513945814 0.09999999999999999
凭借 p 1 1.0 1 8.402455513945814 0.09999999999999999
随时 d 1 1.0 1 8.402455513945814 0.09999999999999999
喽 y 1 1.0 1 8.402455513945814 0.09999999999999999
随后 d 1 1.0 1 8.402455513945814 0.09999999999999999
前者 n 1 1.0 1 8.402455513945814 0.09999999999999999
何况 c 1 1.0 1 8.402455513945814 0.09999999999999999
况且 c 1 1.0 1 8.402455513945814 0.09999999999999999
使得 v 1 1.0 1 8.402455513945814 0.09999999999999999
虽 c 1 1.0 1 8.402455513945814 0.09999999999999999
不单 a 1 1.0 1 8.402455513945814 0.09999999999999999
换句话说 c 1 1.0 1 8.402455513945814 0.09999999999999999
自打 p 1 1.0 1 8.402455513945814 0.09999999999999999
哇 y 1 1.0 1 8.402455513945814 0.09999999999999999
正如 v 1 1.0 1 8.402455513945814 0.09999999999999999
顺 a 1 1.0 1 8.402455513945814 0.09999999999999999
哟 zg 1 1.0 1 8.402455513945814 0.09999999999999999
ours eng 1 1.0 1 8.402455513945814 0.09999999999999999
哪个 r 1 1.0 1 8.402455513945814 0.09999999999999999
区 n 1 1.0 1 8.402455513945814 0.09999999999999999
般的 u 1 1.0 1 8.402455513945814 0.09999999999999999
任 r 1 1.0 1 8.402455513945814 0.09999999999999999
从而 c 1 1.0 1 8.402455513945814 0.09999999999999999
冒 v 1 1.0 1 8.402455513945814 0.09999999999999999
不成 v 1 1.0 1 8.402455513945814 0.09999999999999999
宁可 nr 1 1.0 1 8.402455513945814 0.09999999999999999
与其说 c 1 1.0 1 8.402455513945814 0.09999999999999999
总的来说 c 1 1.0 1 8.402455513945814 0.09999999999999999
几 m 1 1.0 1 8.402455513945814 0.09999999999999999
且 c 1 1.0 1 8.402455513945814 0.09999999999999999
替代 n 1 1.0 1 8.402455513945814 0.09999999999999999
万一 m 1 1.0 1 8.402455513945814 0.09999999999999999
腾 v 1 1.0 1 8.402455513945814 0.09999999999999999
呜呼 e 1 1.0 1 8.402455513945814 0.09999999999999999
前后 f 1 1.0 1 8.402455513945814 0.09999999999999999
罢了 y 1 1.0 1 8.402455513945814 0.09999999999999999
个别 n 1 1.0 1 8.402455513945814 0.09999999999999999
此时 c 1 1.0 1 8.402455513945814 0.09999999999999999
yourselves eng 1 1.0 1 8.402455513945814 0.09999999999999999
以上 f 1 1.0 1 8.402455513945814 0.09999999999999999
论 zg 1 1.0 1 8.402455513945814 0.09999999999999999
其它 r 1 1.0 1 8.402455513945814 0.09999999999999999
管 v 1 1.0 1 8.402455513945814 0.09999999999999999
所幸 n 1 1.0 1 8.402455513945814 0.09999999999999999
不但 c 1 1.0 1 8.402455513945814 0.09999999999999999
不至于 c 1 1.0 1 8.402455513945814 0.09999999999999999
每当 p 1 1.0 1 8.402455513945814 0.09999999999999999
咚 o 1 1.0 1 8.402455513945814 0.09999999999999999
能否 v 1 1.0 1 8.402455513945814 0.09999999999999999
那时 r 1 1.0 1 8.402455513945814 0.09999999999999999
under eng 1 1.0 1 8.402455513945814 0.09999999999999999

